9
48.180738507303836,14.7216796875
48.180738507303836,13.99658203125
48.01932418480118,13.51318359375
47.62097541515849,13.29345703125
47.204642388766935,13.29345703125
46.98025235521883,13.86474609375
47.08508535995383,14.677734375
47.41322033016902,15.380859375
48.06339653776211,15.29296875
1000
48.0373,14.2504
48.1357,13.28
47.6006,13.0944
47.3173,13.9084
47.6334,14.8899
47.2242,13.5056
47.97,15.6007
48.3627,15.7138
48.3815,13.9228
47.291,14.0272
47.8789,14.3289
47.5608,15.033
47.519,14.5592
47.3459,14.6559
47.0416,15.3191
48.6302,13.4252
48.7651,14.8369
48.0699,13.2988
48.3991,15.8059
48.5166,14.547
47.5951,13.0656
48.6868,14.6474
47.5475,14.1851
47.0022,13.0548
48.584,14.8788
47.9861,13.0896
48.0383,13.9314
47.7991,15.0419
47.1863,14.0148
48.1256,15.9053
48.6428,13.4605
47.2802,13.9437
47.3697,15.6979
47.6924,14.5521
48.1207,13.6844
47.0527,14.5945
48.3671,13.2404
48.7512,13.6018
48.6851,15.7531
47.8266,15.8701
47.665,15.2371
47.2591,14.6351
47.0054,15.2317
47.2827,13.099
48.3933,14.4728
48.676,15.1526
47.039,14.707
47.0945,13.1768
47.1345,15.4146
48.4488,14.3126
48.4339,14.5701
47.7072,14.0655
47.0173,15.9094
47.0984,15.0523
47.4922,14.4716
47.7285,15.1144
47.811,13.4583
47.6897,15.9018
48.5382,13.6953
47.2335,14.3823
47.9893,14.1883
48.7113,13.5503
47.9802,14.4463
47.54,15.8986
47.3761,14.3929
47.646,13.9713
47.4087,14.7994
47.6558,13.5435
48.4436,15.2631
47.5594,14.6668
48.1222,14.8043
47.0535,14.9829
47.5766,15.1786
48.6864,14.3391
48.3221,14.9941
48.6759,13.8413
47.6698,14.6814
47.0441,14.0476
48.467,14.292
47.5264,14.0455
48.2759,13.0028
48.15,13.6606
47.33,15.0631
48.2474,13.0234
47.3691,14.7643
48.5752,14.1598
47.7484,13.8075
47.5417,13.1916
47.8409,15.224
48.3098,13.1063
48.3075,13.7401
47.3408,14.9147
47.8962,14.1894
47.5713,14.3269
48.0517,15.2546
48.0725,13.8706
47.1632,13.4679
48.7339,13.6292
48.5614,13.0153
47.4334,14.5047
48.5861,13.4754
48.5073,13.1036
47.1897,14.1759
47.1198,15.0075
47.416,13.3757
47.3448,15.3221
48.0991,14.9688
47.0199,15.9985
47.6657,13.8692
47.7093,15.4906
47.9892,14.6621
48.2228,15.8498
47.8465,13.5052
47.4755,13.3652
47.4579,14.6312
47.0468,13.334
48.0513,14.1356
47.798,13.4896
47.5871,14.0389
47.7419,15.0289
48.1028,15.884
48.424,13.063
47.5937,14.3723
48.1695,15.6632
48.3308,15.7491
47.079,13.4973
47.2378,15.8314
48.6143,13.3366
48.7965,15.7148
47.4052,14.4711
47.3303,13.3159
47.9312,14.2981
48.6306,13.9879
47.981,13.0403
47.5293,15.5059
47.4819,15.7159
47.5996,13.7336
48.4003,13.1131
48.269,15.2831
47.7651,15.6222
47.069,15.431
47.6417,15.3487
47.9106,14.4886
48.2929,15.9674
47.9779,13.7195
48.2042,15.2871
48.258,14.7625
47.3196,15.4663
47.4933,14.3564
47.5413,14.2705
47.8288,15.9626
47.4747,13.6702
47.2583,15.6577
47.3699,15.4624
47.7222,13.4074
48.605,15.4492
47.0028,13.5428
47.0839,14.0255
48.5761,15.9406
47.3803,13.8171
48.1318,15.0542
47.3517,15.2654
48.1529,14.561
47.4642,13.7834
47.3573,15.9732
47.2259,13.2989
47.7477,15.1169
48.5075,13.6657
47.692,15.9031
47.3448,13.5561
47.2582,15.3083
47.4648,14.0458
47.9694,15.9405
47.0531,15.1747
47.0091,13.9952
48.3901,14.3037
48.1078,13.806
47.1234,14.0941
47.8726,15.5561
48.5149,14.4127
48.3838,15.0559
48.6042,13.4096
47.0741,13.7946
48.0622,13.4289
48.4324,13.7444
47.7761,13.294
47.328,15.6393
47.101,14.8599
48.54,13.6598
47.443,13.5456
48.7922,15.6327
47.1949,13.8445
47.2463,15.0035
47.639,14.5715
47.7838,15.9559
47.2486,13.8283
47.7217,15.1345
47.6779,15.3638
48.6475,13.4856
48.6063,13.1689
48.0367,15.7492
48.7265,13.7788
47.0177,14.1278
47.1057,13.853
48.49,14.6193
48.3287,15.1765
47.5662,15.4263
47.8428,15.2605
48.4108,14.7567
47.5601,14.2298
48.3764,13.1904
47.0485,13.6584
48.5028,15.6285
48.7419,14.4609
48.7354,13.6393
48.3347,13.8576
48.2452,14.7921
47.2936,15.8156
47.5865,15.3084
47.8104,15.2178
48.1185,13.0714
48.7524,15.3311
47.1315,15.7134
47.2235,15.9324
47.07,14.1462
47.0381,15.7093
47.726,14.5196
48.5328,14.2776
47.686,13.1744
48.0943,13.3507
47.6588,15.7111
48.5617,13.2604
47.7881,14.82
47.0822,13.1609
47.4552,14.0062
47.4398,14.8466
48.0182,13.8057
47.7582,13.1852
47.9986,14.5161
47.1858,14.7051
47.8299,15.8635
47.5121,13.8823
48.4084,15.3923
47.8341,15.1501
47.7524,15.7024
48.7968,14.5942
48.2682,15.9578
47.1618,14.7161
47.443,14.3662
48.3274,14.5216
48.445,14.5704
48.7167,14.5486
47.4948,15.1001
47.678,15.2632
48.7898,15.2126
47.3033,13.5437
47.2166,15.6001
48.3565,13.7275
48.6621,14.554
47.9285,15.9219
47.2501,15.2639
47.0854,13.9755
47.67,13.9837
48.6621,15.6672
48.342,14.8153
47.4676,15.3037
48.0656,14.8577
47.9152,13.0176
47.037,13.4235
47.0667,15.6243
48.0893,15.9574
47.0916,13.9385
47.5077,15.1875
47.5793,15.9533
48.4027,14.9056
47.0144,15.2643
47.9884,15.6085
48.03,15.5635
47.4019,13.0367
47.7833,14.9404
47.1292,14.4181
47.9671,15.1119
48.4539,14.9655
47.7655,15.5502
47.6363,14.8879
48.4873,15.7996
48.5451,14.8529
48.6748,14.06
47.6152,15.4867
48.3694,15.3725
48.4856,13.112
47.1421,13.4661
48.2831,15.5109
47.4457,14.5228
47.8595,15.0538
47.6318,14.7767
47.7675,15.0557
48.1892,14.9981
47.7625,14.7155
47.4075,14.5133
48.7565,14.4504
48.7465,15.4781
47.0191,15.8698
47.3017,15.6647
47.0174,13.0277
48.095,15.0261
48.6201,13.9599
47.0924,15.7766
47.451,13.8487
48.4522,13.676
48.5716,13.4572
47.7408,14.6116
48.5962,14.7545
47.7186,15.4608
48.1979,14.8868
47.1953,15.5619
48.5534,14.8655
47.5802,15.9435
48.5887,14.5184
47.5131,13.7499
48.3413,15.3993
47.551,14.0572
47.5323,15.467
48.306,15.4985
47.1545,15.4288
47.885,13.8146
47.1267,13.7003
48.7625,14.6056
47.8378,15.9508
48.735,15.1938
48.3095,13.1997
48.5511,13.6068
48.1448,13.3872
47.7882,15.2607
48.5975,14.2692
47.3577,13.9593
47.7946,15.3891
48.0571,14.3352
47.179,15.7394
48.6626,13.8303
47.7965,13.5652
48.3552,13.7609
47.5489,15.5635
48.6091,13.9243
47.7559,13.5054
47.0352,13.5854
48.3274,13.049
47.0691,14.5326
47.3299,13.221
48.6204,13.2121
47.5562,13.7238
48.2591,14.738
47.6482,13.8724
47.2056,15.8297
48.4112,14.5811
47.5098,13.4594
47.1652,15.4057
47.3599,14.1793
47.5234,14.2
48.0447,15.7688
48.4617,13.4683
48.7064,13.9676
48.7514,14.9869
47.6703,15.6651
47.9595,14.7262
48.6115,13.9847
48.4941,15.536
47.3324,14.2379
47.568,13.4524
47.6593,15.7346
47.087,15.8515
47.5424,15.9047
48.5286,14.0092
48.4429,13.138
47.6733,13.9317
47.7269,15.1558
47.5717,13.5934
47.6489,15.6147
47.5894,14.9573
47.8056,13.9897
48.755,13.3681
47.0668,14.6057
47.5592,15.0825
48.1507,14.9733
47.1979,15.8498
48.3993,14.342
48.636,15.5743
48.1315,13.6097
47.5793,15.1727
47.6047,14.4203
48.6848,15.7955
47.4984,14.448
47.5147,14.6029
48.5489,15.4927
47.0455,15.2783
48.1108,15.1184
47.7788,13.4202
47.7972,15.1299
48.47,13.884
48.5616,14.2254
47.391,14.0421
47.2226,15.6665
47.0719,14.7957
48.1033,15.7846
48.6293,14.009
47.1629,15.5865
47.0836,14.8386
47.9285,15.6344
47.0891,14.2022
47.1016,13.7581
48.0592,15.3762
47.3101,13.008
47.1538,15.4158
47.1046,14.5758
48.616,15.7759
48.7541,13.1984
48.2928,15.1537
47.2906,13.8188
47.6565,15.1927
47.1687,14.9999
47.0547,14.2731
48.4629,14.785
47.6609,13.1648
48.7049,13.3605
47.8703,13.8446
48.4836,14.0071
47.0929,15.2686
48.3707,15.4282
47.4329,13.351
47.4177,13.6121
47.2088,14.8294
47.1749,14.9242
47.8727,13.0953
47.9262,13.1302
48.6129,15.432
47.8021,14.5284
48.1904,15.4398
48.6376,15.3139
47.5491,15.7302
47.475,15.7085
48.4674,14.2456
48.4763,15.2744
47.7714,13.7981
47.1064,13.1785
47.8192,13.6361
47.9766,14.9945
48.4833,14.022
47.695,13.9181
48.1067,15.9536
48.4622,13.0262
48.4893,14.2778
48.5703,14.4387
47.0748,15.5306
48.6184,15.9329
47.748,14.8893
48.1379,14.7279
48.2312,14.6478
47.4383,13.7825
47.7695,13.6152
48.232,13.0567
48.6351,15.7984
48.5688,15.7518
47.3482,14.6591
47.4268,13.5835
47.2093,14.1308
47.1388,14.6509
48.5722,14.4505
48.712,13.4373
48.2446,14.6913
47.1953,13.9245
47.1006,14.6908
47.9854,14.7152
47.8108,15.8357
48.5286,14.4403
47.7511,14.9121
47.6673,14.5766
47.0428,14.9336
48.3143,15.1229
47.8874,15.544
48.39,14.3679
48.5161,15.2347
47.6519,13.2406
48.5498,15.2349
47.7669,14.4618
48.1794,13.5186
48.1269,14.9053
47.5194,13.9232
48.6945,13.2448
48.3609,14.9
47.379,13.0927
48.1574,15.9061
47.6914,14.4353
47.6132,13.9088
48.5009,14.243
48.1107,15.8998
48.0286,14.6675
48.2155,13.7176
48.1503,15.2483
48.0258,14.839
47.4543,13.0237
48.7968,15.1375
47.9015,13.3881
47.062,13.9114
47.968,15.949
47.5994,15.7524
47.4176,15.5192
48.2454,14.0729
47.3465,14.7316
48.1463,15.3138
48.6695,13.5801
48.5551,13.0393
48.1775,15.483
48.7314,15.2668
48.6841,14.2173
48.4827,13.5019
48.6029,13.3007
47.9965,13.0286
47.3468,13.093
47.8572,15.0618
47.8268,13.0479
47.1143,13.3904
48.6409,15.1831
47.3764,14.1297
47.6922,13.9332
47.5406,14.164
48.5498,14.1219
48.7354,15.7866
48.279,13.8246
47.3552,13.9435
48.3023,15.4054
48.4952,14.3526
48.5292,14.9802
48.6556,15.6048
47.4905,15.0092
48.2812,14.1588
47.1513,13.6305
47.521,14.9116
47.6374,13.7302
48.5544,15.7692
48.5095,13.595
48.7128,15.3519
48.6452,13.3117
47.6454,13.6478
48.0494,14.8673
48.7282,15.0731
48.0008,13.1592
48.3938,13.0181
47.8671,15.8514
48.273,14.5389
47.6706,15.2061
48.1832,14.4104
47.273,14.6842
47.6695,13.2788
47.0599,15.2385
48.0147,14.1425
47.2549,13.8264
47.5676,15.8499
47.6684,13.7356
48.3089,15.7318
48.7956,14.856
47.1736,13.8843
48.7202,14.0374
48.1782,14.9822
47.0471,15.1483
47.0642,13.8407
47.696,15.3953
47.3616,15.2441
47.2159,15.8755
47.9018,15.8341
47.5484,15.2165
48.6624,13.0929
47.4648,15.5093
47.6176,14.6618
47.6268,14.5586
48.3805,15.4213
47.982,14.7613
47.2787,13.8989
47.9933,15.6857
47.6809,14.6932
48.6246,14.6429
47.5061,14.6838
48.6565,13.2419
48.0901,14.853
48.3885,14.0801
48.3588,13.5642
47.3034,14.3526
48.7607,15.1387
47.8091,14.2661
48.0527,14.5254
48.5578,15.7111
47.3967,15.7937
48.6465,13.6842
47.1275,13.0719
47.8436,13.4601
47.1806,14.4231
47.4601,14.4871
47.1316,15.9832
48.7831,14.426
47.2934,13.4914
47.1252,13.6634
47.738,14.1144
47.5082,15.0142
47.2695,15.2073
47.7955,13.1769
48.46,15.3645
47.3139,13.8258
47.2769,13.7919
47.6675,15.0118
47.1826,14.6805
48.7327,13.8015
48.4655,13.8755
48.3474,15.8064
47.9746,15.7219
48.7589,15.4541
47.1733,14.5211
47.4776,13.5103
47.9001,15.5538
47.4022,15.4965
47.8339,13.1183
48.524,15.2479
48.5938,14.4909
47.5986,13.9237
47.8745,15.1452
47.8807,15.3223
47.0175,14.9639
47.5583,15.3591
47.347,15.544
48.0933,15.042
48.4644,13.0288
48.4788,14.2211
48.2847,14.2069
47.4566,15.8059
48.1269,13.8895
47.0032,14.0215
47.0226,14.8166
48.4902,13.6287
48.5945,13.5569
47.051,14.8512
48.3773,14.0404
47.2451,15.0402
47.8987,15.5135
48.7019,14.8651
48.2234,15.821
48.6461,14.0439
48.3705,14.005
47.8604,15.3214
48.4614,13.2627
47.324,14.5659
47.028,14.3315
48.4811,13.4872
48.2164,13.3563
47.0403,15.5803
47.8594,14.2572
48.182,13.4661
47.3592,15.5426
48.2602,14.842
48.6182,15.4116
48.5269,13.7581
48.4926,14.8557
47.2754,15.9135
48.7974,14.3016
48.1039,15.1104
47.5925,14.1472
47.5334,14.9163
48.4983,13.3073
47.1797,14.9668
47.1466,15.6339
48.2745,13.1928
47.9616,14.7811
48.1589,15.5744
48.6808,13.7658
48.0322,15.8111
47.1758,13.122
47.3264,13.5577
48.6164,15.1624
47.0008,15.5967
47.2293,15.4468
48.0028,14.5164
47.448,13.1104
47.1228,14.1241
48.3251,14.2267
48.2906,14.957
48.4837,15.8714
47.4013,14.8533
47.0202,13.0144
47.0412,14.6168
48.0404,15.7944
48.5908,14.3432
48.3106,15.1291
47.3207,14.988
48.2337,14.9794
47.671,15.2261
47.4251,14.9223
47.9039,14.6015
48.3547,13.9885
47.9554,13.3774
48.2454,13.996
47.9752,15.3778
48.6757,14.8503
48.1418,14.4635
47.1196,13.4922
47.4659,13.1051
48.7752,15.3535
47.8558,15.8015
48.0843,15.3274
47.5057,14.8521
48.1237,14.3771
48.2928,13.2144
48.1625,14.9917
48.718,15.874
48.1226,15.7508
48.6115,15.316
47.0532,14.2832
47.338,13.3213
48.0366,15.8944
48.1837,15.4076
47.7797,14.1003
47.5827,14.8091
47.5118,15.2302
47.2536,15.9221
47.7125,14.1618
47.9504,15.6556
47.2197,13.1163
48.0107,15.0968
48.6332,14.2764
47.7801,15.349
48.6205,15.795
47.7302,13.3111
48.3564,15.5322
47.0495,15.5504
47.0849,15.6036
48.4852,13.27
47.0753,14.5279
47.0394,14.6924
47.2676,14.4443
47.1837,15.9691
48.0473,14.5167
47.3447,14.9811
47.2725,15.2568
47.5353,15.1238
47.0876,15.0837
47.7598,13.3606
48.4021,13.993
47.8009,14.496
47.1847,14.7277
47.8187,14.7482
48.732,13.3373
48.6295,15.3029
48.606,13.4694
48.0174,13.5997
47.6018,14.1691
48.3358,14.6401
48.1099,15.3557
48.1975,13.612
47.1639,13.5156
47.4232,14.604
47.1295,13.4833
48.0214,15.1231
48.3822,14.4876
48.6049,15.5464
47.6458,15.91
47.7163,14.517
48.3209,15.4473
48.0284,15.6446
47.3157,15.5767
47.7167,15.693
47.8159,15.4028
48.0557,15.7213
47.6719,15.1116
48.0844,15.4066
48.47,13.3756
48.6053,13.9971
48.2605,14.1349
47.2347,15.0426
47.1621,13.2373
48.307,15.2104
48.6337,14.439
47.1473,13.127
47.5142,13.2619
47.5769,13.2868
48.1628,15.1616
47.4917,14.6378
47.0054,14.3887
47.9626,15.4928
48.4885,15.8255
47.5458,15.9219
47.0749,15.9436
47.9663,14.7562
47.6753,15.8651
48.235,14.7785
47.6062,13.3131
48.5971,15.5889
47.9853,15.0096
47.074,15.0157
47.0334,15.8188
48.1568,15.7925
47.4393,13.6472
48.0364,13.5402
48.16,13.7867
47.6149,14.8839
48.7802,13.0371
47.6341,15.788
48.634,13.5591
48.774,15.9212
47.9058,15.9944
47.1336,15.0551
47.6677,13.944
47.6817,15.1659
47.0875,14.416
47.6889,13.0367
47.0463,14.3488
47.7914,13.7638
48.7409,13.7709
48.6194,15.6332
48.3153,13.5938
47.6278,14.3784
47.165,13.4238
47.9123,13.8319
48.4878,13.1523
48.1581,14.4608
48.7165,15.4149
48.078,14.2231
47.8645,15.3127
48.1257,14.5887
48.7351,15.0664
47.5373,13.4588
48.0066,13.5087
48.2491,13.0595
48.7867,14.5361
48.5697,15.7129
47.1531,14.8152
47.839,15.6699
47.0409,14.1905
48.5015,15.9514
48.0248,15.353
48.4391,15.3661
48.4487,15.4168
47.8625,13.5709
48.4053,15.102
47.1441,14.1985
48.2374,15.2473
48.4905,13.715
48.3413,15.3656
47.6977,13.7634
47.089,15.9143
47.412,13.3256
47.0529,14.8851
47.7257,15.0669
47.0179,13.2094
47.1787,14.7394
48.0955,15.3485
47.3081,15.4928
47.6153,15.2662
47.9884,14.3865
48.5656,14.7904
47.1432,15.3101
48.3757,15.139
48.5683,13.9015
47.9902,13.1292
48.2083,13.9015
47.0727,15.2976
47.2517,14.7039
48.1926,15.8377
47.2712,15.6482
48.0004,13.9096
47.7249,14.8578
48.2757,13.4921
48.2551,15.1541
47.5458,13.5315
47.3743,15.7688
48.3135,14.6979
48.7123,13.2426
47.8103,14.5793
47.8121,14.0269
48.7935,15.6362
47.51,13.9098
48.6454,13.7004
48.4108,14.4533
47.6997,15.228
48.2816,13.1682
48.1192,15.9167
47.1227,14.1615
48.38,14.6618
48.0487,15.4635
47.6808,13.1612
48.1165,13.1892
48.586,15.7823
47.6657,15.0995
47.9383,14.5788
47.4078,15.0109
48.1308,15.583
47.3931,15.8526
48.4169,13.7119
47.3126,13.9888
48.2521,15.8027
47.1522,15.7122
47.1139,15.4422
48.4041,15.5724
48.625,13.3686
48.065,13.4278
48.7167,15.3108
47.2995,15.803
48.4146,13.1846
48.7338,13.2991
47.6,13.5853
47.4582,14.4336
47.4095,15.5095
48.164,14.3897
47.569,15.198
47.4177,13.7215
47.3289,14.9213
47.8839,13.1014
47.5653,15.4238
48.7487,15.7035
48.4434,15.6144
48.0665,15.7895
47.2007,13.9197
47.2562,13.5111
47.9014,14.5252
47.3051,13.8546
47.2367,13.4983
47.0064,15.0345
48.403,15.5321
47.1488,15.4946
47.5752,14.7538
47.2088,14.9949
48.5118,15.7266
48.5505,13.0488
47.5771,15.4143
47.8314,15.233
47.5467,13.5011
47.6316,14.6197
48.5751,15.039
48.2781,13.7713
48.0454,13.9497
47.6176,14.4046
48.098,14.434
48.1084,15.9612
48.2397,13.8275
48.4479,13.9218
48.1706,14.9053
48.4266,13.7717
48.0358,15.066
48.0146,15.0636
48.3085,14.2217
47.6199,15.0279
47.4394,14.5888
48.0333,14.661
48.2725,14.9079
47.176,13.16
47.4179,14.925
47.2001,15.9932
48.2985,13.2398
47.7561,13.7691
47.4409,13.8661
47.9393,13.4251
47.5712,13.0619
48.5544,13.07
48.7904,13.1622
47.6945,15.1071
47.5567,13.2988
47.2232,13.0187
47.982,15.0037
47.3686,13.4201
47.4601,14.7813
47.0902,14.6838
48.289,14.7848
48.7647,14.6001
48.3254,14.7587
48.2496,13.1695
47.6096,14.3951
47.5336,14.725
48.5442,15.2183
48.1545,15.15
47.7701,15.0342
48.3809,13.9979
48.1884,14.8828
47.1889,13.8229
48.0047,15.2973
48.7374,15.0109
47.6346,15.5068
47.9507,15.8409
47.0033,14.026
47.3472,14.4215
47.9957,13.8443
48.2211,14.5295
47.769,15.1719
48.2775,13.2266
48.7272,14.4068
47.8523,14.4506
47.3759,14.6679
47.5033,14.567
47.2226,14.8848
47.0513,15.1191
48.1706,13.054
47.2718,14.7468
47.4671,15.8521
48.1877,15.4324
48.2059,14.354
48.4999,14.8997
