7
47.83528342275264,13.8043212890625
47.29040793812928,13.2879638671875
46.73233101286786,14.1888427734375
46.60039303734546,15.9136962890625
47.234489635299184,16.2158203125
47.912660308427654,15.5621337890625
48.144097934938884,14.622802734375
1000
48.4972,13.5063
48.3639,13.7858
47.3025,14.2093
47.7421,14.3013
47.726,13.8789
48.2473,15.7849
48.4389,13.3405
47.0317,13.2678
48.1862,15.1683
47.3326,14.6647
47.4645,13.886
47.2794,14.0782
48.6123,13.5869
48.0782,15.7267
48.7984,15.9391
47.6911,14.0395
48.6654,14.0632
48.7423,15.5939
47.3934,14.2621
47.6304,15.1692
48.0829,15.0406
48.5015,13.2629
48.6279,13.284
47.6492,13.9506
47.8463,15.8596
48.045,15.9816
47.5671,14.2732
47.2766,15.4728
47.8349,14.3462
48.7713,14.5118
47.7868,13.184
47.4184,15.392
48.4793,13.9771
48.7667,14.0833
47.4,15.4202
47.672,13.8946
48.1844,15.7415
48.5952,13.1008
48.1786,14.5144
47.3109,15.5987
48.5349,15.5733
47.9778,14.4098
48.7109,14.4667
48.3411,15.075
47.3526,13.9715
47.291,13.6815
47.7867,14.2407
48.6859,13.4224
48.72,15.1829
48.4622,15.2251
48.6513,14.6624
48.2,13.0814
47.5371,15.0663
48.4919,15.2853
48.0199,15.7179
47.4694,13.8185
47.429,13.5095
48.0822,13.6347
48.1936,14.9954
48.5995,15.5656
47.0683,13.0213
47.8981,13.0188
48.2684,15.7691
47.8459,13.5483
47.431,13.8687
48.6432,14.7628
48.2794,14.9701
48.1915,13.8856
48.3511,13.8796
48.1772,13.5987
48.3699,14.0399
48.4241,14.5959
48.1907,15.7848
47.3541,13.5204
47.1286,15.414
48.518,14.6924
48.2917,15.7167
47.9113,15.227
47.2855,13.1305
48.5741,15.8004
48.1259,13.2393
47.7865,13.4619
48.6076,13.8106
47.822,14.4824
48.1095,15.0279
48.693,13.3057
47.8866,14.006
47.0378,14.202
48.6991,14.0715
48.0315,15.2331
48.3589,13.6608
47.3821,14.6129
47.4343,14.0177
47.0676,15.4913
47.1509,14.1827
48.1117,14.6037
48.6451,13.0319
48.3537,15.1081
47.1893,13.3705
47.8691,15.2845
48.7885,15.2917
48.224,13.5897
48.6693,13.193
47.503,15.8478
47.2328,15.9876
48.6428,15.1158
47.6202,15.1665
47.4253,13.9869
48.1543,14.4508
48.3328,15.7902
47.9627,14.8265
47.357,14.3069
48.4633,14.7801
47.364,13.2571
47.0961,13.5392
47.7669,15.9099
48.5267,13.0877
47.6322,14.7398
47.3092,15.6497
47.3588,14.09
47.302,13.2359
48.3043,14.3115
48.5548,15.7126
47.6084,15.8197
48.7508,14.6859
48.3616,15.9571
48.7806,14.3015
47.0064,15.4633
47.4467,15.8288
47.2178,14.7333
47.8565,14.6422
47.7101,15.8993
48.1451,13.9209
47.4427,14.0866
47.9905,13.0677
47.3573,15.986
48.5307,13.4945
47.8682,14.138
47.5745,15.0395
48.6483,15.0544
48.0092,13.8638
48.2082,14.4919
47.4512,13.2317
47.747,13.8608
48.6603,13.0987
47.1687,15.8787
47.6443,14.9245
47.6078,13.1838
47.317,15.587
47.0788,14.6895
47.2415,14.7026
47.3805,14.9992
48.7889,13.0557
47.9204,15.2115
47.9745,13.205
47.6975,13.9149
47.8953,14.6728
48.2866,13.1222
48.0845,15.4217
47.2971,15.3021
47.2248,13.6011
47.8469,15.552
47.717,14.784
48.288,15.3035
48.3872,15.124
48.1476,13.7725
47.9355,15.0446
48.2065,13.6544
48.5751,15.2158
47.2283,14.3205
47.497,13.6931
47.8729,13.9989
47.7006,14.1765
47.3808,13.1153
47.3798,15.4025
48.6988,15.1353
48.4243,15.7026
47.2316,13.8778
48.3045,15.7549
47.7514,15.3741
48.0422,13.515
47.3753,15.9113
48.5414,13.2395
48.3264,13.9428
48.6482,13.4152
47.039,14.0504
47.9442,15.2716
48.4351,15.1201
47.6365,13.3904
47.5053,15.3394
48.4013,13.7276
47.459,14.5338
48.4631,15.1395
47.8743,14.7456
48.5473,14.2413
48.6758,13.8057
47.4298,15.1399
47.9923,13.9695
47.2255,15.2595
48.4108,14.4777
48.1098,14.1274
48.6266,15.1569
47.2421,13.6014
48.0174,14.9016
47.4794,15.6093
48.4154,15.075
47.8046,15.0183
47.9409,13.5268
48.0731,14.7826
48.3715,14.0585
48.6854,14.0002
48.3696,13.7699
48.3285,15.9777
48.1688,15.7852
48.2017,15.8245
47.2262,14.3994
48.3365,15.4991
47.6905,15.6903
48.1539,15.5943
48.3048,15.1182
47.4652,13.4844
47.9676,15.5771
48.7123,14.7604
47.8064,13.7795
48.5713,14.1519
47.8874,15.7325
47.2961,15.3751
47.1769,14.418
47.9677,13.5586
47.9002,14.6076
48.7329,14.0724
47.0022,15.0305
48.3622,13.7398
47.203,13.8697
47.6435,15.5214
47.3634,13.7893
47.8342,15.8505
48.3297,15.3857
47.0403,13.8495
48.1065,13.1235
48.3665,14.6811
47.5268,15.4455
47.9831,14.2797
48.3304,13.8485
48.6974,14.6662
47.3421,14.2835
48.1817,14.9804
48.4474,13.2813
47.91,13.2611
47.3072,14.7066
48.2889,13.8719
47.8193,13.0221
47.0256,15.3032
48.2418,14.3883
47.0734,15.887
47.6241,15.8367
47.1169,13.7324
48.5582,15.1364
48.5147,13.9306
47.4567,15.8249
48.3075,13.7897
47.396,13.1936
48.5116,13.5358
48.0163,13.8054
47.275,13.5669
48.265,13.3792
48.5459,15.9612
47.4874,15.6035
47.5227,13.5257
48.3257,14.6307
48.6916,13.2263
48.4649,13.6741
48.537,14.361
47.4863,14.2538
48.4124,13.3315
47.7294,13.2436
48.7978,14.326
47.1446,15.9394
48.0381,15.657
48.2262,14.904
47.6558,14.8925
48.4547,15.3565
47.8612,13.2892
48.4513,13.3437
47.7469,14.3665
47.8461,15.879
47.6457,15.7685
47.6989,15.6477
47.4555,14.83
47.775,13.7553
47.9892,14.5059
48.4737,14.3517
47.5978,14.5317
47.1371,15.7794
48.2292,14.8641
48.6232,13.1824
48.3375,15.5948
48.2193,15.2722
48.6362,13.6491
48.5917,15.1686
47.003,14.6659
47.3205,14.931
47.0839,14.5081
47.4526,15.5569
47.9217,13.8748
48.6205,14.8566
47.8382,15.481
48.6207,15.7146
47.2363,15.2254
47.7244,13.8158
48.3568,14.7002
47.9992,14.9542
47.923,13.2913
48.7635,15.5484
47.8404,14.9853
47.9656,15.9625
47.2739,13.8339
47.9797,14.6774
47.927,14.8292
47.4502,14.2686
47.5631,13.7176
48.5736,15.5303
48.771,13.0208
47.0109,14.9338
47.4613,13.24
47.8448,14.931
47.7974,15.9019
47.0585,15.3974
47.8164,15.7503
47.9027,15.7704
47.0747,13.0024
48.4356,14.1612
48.265,15.1768
48.0781,15.9137
48.6951,13.5513
47.0051,15.7478
47.5928,14.8327
47.8131,13.7549
48.6063,15.1097
48.5488,15.1149
48.6094,13.6244
47.8588,15.4741
48.7835,13.3206
47.9342,14.459
47.1541,13.5305
47.0597,14.8099
48.6851,15.5229
48.3492,15.0944
48.299,15.9742
48.6541,15.9019
47.5831,15.7253
47.4617,14.8378
47.0664,14.4603
47.2684,14.514
48.4084,15.1857
47.4068,15.0849
48.2257,15.5961
47.4352,15.6974
47.0039,14.5929
48.7551,15.5108
47.1877,13.3701
47.9135,13.6997
48.7262,15.5961
48.4673,14.0787
47.4611,13.307
47.1403,13.6812
48.5868,13.179
47.8872,15.7901
48.3896,14.8718
48.1922,13.5455
48.3754,15.1239
48.4792,15.3607
47.1338,14.2431
47.4858,14.943
47.8555,14.562
47.6619,15.7544
47.1159,15.3271
47.6966,13.2572
48.3744,13.3563
47.5437,13.2603
47.5929,13.6335
47.6242,13.1306
48.2789,14.8136
48.4128,15.5451
47.0749,14.3843
48.5837,14.8399
47.7779,15.9701
47.8867,15.8662
48.7551,14.9763
47.151,13.5792
47.1434,15.4484
47.2742,15.3766
47.5672,14.6688
47.5429,15.4587
47.7916,14.6314
47.3542,15.2078
47.338,13.1173
48.1581,14.7795
48.235,14.6491
48.6254,14.7622
47.1493,14.1249
47.2611,15.8903
47.1474,15.4236
48.13,14.4003
48.0785,15.7312
48.4354,15.687
48.2326,14.7706
47.0067,15.4544
47.3315,13.511
48.6858,13.5634
47.6387,15.301
47.3757,14.255
48.436,14.7042
48.3198,14.3698
48.1097,14.6203
48.2093,14.6002
48.2114,13.5459
48.3849,14.6905
47.3151,15.0714
48.4942,14.8547
48.0807,13.9204
48.6925,14.4971
47.2486,15.0164
48.4363,13.6108
47.7426,15.2084
47.3058,15.9874
47.4388,13.4049
47.115,15.5936
48.0677,15.9492
48.2228,14.1672
48.1623,15.1231
48.038,14.2472
47.3384,15.689
48.4303,14.4847
47.0997,13.3709
48.5029,15.182
47.7954,14.1358
47.9607,14.5756
47.5285,13.0635
48.5183,15.4194
48.5106,13.4935
47.8286,13.9276
47.9912,13.0017
47.0884,13.116
47.8497,15.5939
47.9766,14.0227
48.6327,15.3097
48.1152,15.2014
48.6437,15.2
47.0101,14.2662
48.6465,14.3839
48.2221,14.1126
47.0331,15.6005
47.7485,15.7612
47.5219,14.3504
47.653,13.5603
47.6039,15.3668
47.8726,15.7359
47.0343,13.777
48.4504,13.0082
47.079,14.8935
47.5973,15.1841
47.768,14.1352
47.7672,14.3009
48.0838,14.0939
47.348,15.0266
47.0155,13.2593
47.2147,15.6234
47.951,15.3711
48.4695,15.8515
47.142,14.7974
47.4026,15.7249
48.7815,13.7362
47.0471,13.0432
47.9593,13.4016
47.673,13.0922
47.2277,13.694
47.3677,15.8579
47.4978,15.153
48.0837,15.5045
47.5157,14.269
48.2009,14.7545
47.2201,15.4673
47.5441,13.1552
48.0725,15.2898
47.3282,14.0393
47.3665,13.4776
48.6576,13.2716
47.9752,14.8064
47.2,13.6333
47.374,13.6406
47.8747,15.9192
47.8882,13.2593
48.6476,13.5202
48.7605,14.0609
47.61,15.4214
47.6042,13.7716
47.0319,13.1849
47.5156,14.782
48.2286,13.5803
48.1572,14.6864
47.4551,15.0997
48.4884,14.0376
48.4534,13.6307
47.122,15.2194
47.7156,15.067
48.3156,15.2108
47.1995,15.6123
48.5671,13.8485
47.9345,13.9787
47.2792,13.9969
47.4883,13.5918
48.3788,15.8112
47.2336,14.2981
48.3373,14.0154
47.3455,13.9204
47.9205,15.8309
47.6921,13.3259
47.0174,14.8683
48.037,13.4599
48.6459,15.943
48.4625,15.0564
48.7148,13.3902
47.4466,15.459
47.3309,13.0427
47.5737,14.1841
47.7877,14.5854
48.0495,14.517
48.4414,14.5245
47.8003,14.5685
47.2896,13.5006
48.1851,14.8147
47.6032,15.1352
47.2279,13.2162
47.4304,15.0264
48.7833,14.5493
48.5907,15.9114
47.7916,13.5882
48.309,15.3753
48.7485,13.2543
47.0998,13.8226
47.1185,15.7915
48.1065,13.7326
47.6545,15.44
48.223,14.4902
47.8511,15.9641
47.1837,15.3251
47.8549,13.7371
48.1914,13.1053
47.0832,14.9106
47.373,14.9043
48.5623,13.4771
48.2018,15.4144
48.1837,15.7984
47.0058,13.3904
48.301,14.3931
47.9932,15.3953
47.7409,15.472
47.0687,13.1729
47.3861,15.8755
48.2914,14.994
48.003,15.6949
48.3269,13.3144
47.9335,13.9645
48.4861,13.0438
48.4463,15.3769
48.5098,14.652
47.5551,13.0145
47.9584,14.237
47.9475,14.5963
47.2965,15.5454
48.5419,15.7134
47.3237,13.7716
48.0918,13.9745
47.4959,15.7645
47.1905,15.89
48.1081,13.043
48.5935,14.7125
48.4605,13.7651
47.5751,13.294
48.0231,14.5016
47.8582,13.3474
48.0261,13.3475
47.3207,13.2813
47.4561,13.5494
47.7673,13.0379
48.1195,14.4447
47.78,14.0889
47.2425,15.0933
47.8114,13.9366
47.0247,14.5352
47.8688,15.1327
47.0356,13.13
48.3533,14.9588
48.5483,14.9285
47.8631,14.5114
48.6425,13.4804
47.2482,15.0058
48.5783,14.9176
48.5128,15.6507
47.539,15.5461
48.7011,14.4507
48.174,13.545
47.4745,15.7716
48.4337,13.7099
47.8893,15.4467
47.3818,15.4786
48.1188,15.615
47.595,13.749
47.1295,14.3652
48.2156,14.2442
47.6147,15.6082
47.5086,15.3845
48.2191,13.423
47.0952,13.8092
47.2462,15.4051
47.4815,14.8362
47.0284,13.3072
47.8831,15.2642
47.364,13.4847
47.8592,13.0062
47.8751,15.3552
47.9107,13.0999
47.4264,13.2414
48.3725,15.659
47.2584,14.6013
47.0369,13.3231
48.6346,15.7502
48.5796,15.7233
48.5825,13.7444
47.429,14.4096
48.1134,13.1411
48.0211,14.5826
47.5478,13.849
48.2076,15.8397
48.2453,15.2656
47.7534,13.9791
47.1388,13.3364
48.5474,14.7117
47.6075,14.0893
48.1772,15.8991
48.188,14.5745
48.0752,14.6809
47.0192,15.9944
47.5272,14.5633
48.3442,14.1258
48.2561,15.2181
47.0513,14.9247
47.6404,13.3918
48.5251,13.4613
48.1094,15.9365
48.0031,14.0582
47.0679,13.5652
48.381,15.6994
47.8464,14.4801
47.599,15.4398
47.0482,14.553
48.7512,13.6783
47.4697,13.2217
48.3109,14.7574
47.7065,13.7301
47.1397,14.4201
47.6279,14.7665
47.0577,15.1967
48.2992,13.9533
48.6911,13.796
47.865,14.0061
47.0885,15.0562
47.7662,15.7174
47.1934,15.9502
48.6566,13.2201
47.7013,14.5573
47.7116,13.2637
48.0887,15.792
47.8747,15.4713
47.102,13.033
47.7757,14.7609
47.5194,13.6143
47.9724,15.29
47.3578,13.4281
47.2169,14.4297
47.4894,14.6467
47.4288,15.3944
47.2484,15.7954
47.1684,13.2324
47.2688,15.1029
48.0475,14.9423
47.0689,15.2205
48.4882,14.4982
47.0214,13.0292
47.1483,14.5604
48.4889,14.3599
47.7657,14.6063
47.8837,14.0151
47.1445,15.148
47.4214,13.5251
47.1047,15.5962
47.5741,14.5722
47.0467,15.2003
47.1048,13.9967
48.7462,15.3278
47.2619,15.7414
47.4849,15.148
47.0528,14.002
47.4502,15.5621
48.074,15.2373
47.2903,13.9583
48.5761,13.5395
48.3999,14.0826
48.4691,14.1863
47.9275,13.9954
47.8285,14.9846
47.0477,13.7298
48.7583,15.2703
48.3197,14.8844
47.1833,13.1591
48.1672,15.9692
47.8994,13.8309
47.2572,13.8756
47.7919,14.2992
47.0287,15.3641
48.7469,14.246
47.631,15.9561
47.8305,13.1037
47.2639,15.0739
48.7828,14.6349
48.1837,15.7032
47.9869,13.7992
48.2374,15.2496
47.8109,14.7026
48.5172,15.6267
48.1928,13.902
48.59,13.9474
48.7405,15.2792
48.5508,14.4965
47.0541,14.1139
48.2709,15.931
47.8398,14.8667
47.4697,13.9004
48.6851,13.5328
48.0253,15.4845
47.2883,15.2476
47.6555,14.0294
47.8981,13.1128
47.5536,13.1062
47.7055,15.9676
47.9404,15.4357
47.9543,15.0582
47.6086,15.7054
47.187,14.2486
48.777,14.2605
48.5287,15.5834
47.3474,15.6719
48.6245,15.6415
47.3632,15.176
48.1937,13.2229
48.5034,13.9405
48.7409,13.4774
48.0165,15.0398
48.5742,13.6257
47.7968,14.9211
47.5176,15.9256
48.7362,13.0065
47.7801,15.5168
48.0475,14.9158
48.7439,14.2171
48.1469,13.5924
47.1675,14.2598
48.7092,15.3932
48.0672,14.3421
47.264,13.9401
47.3343,15.2041
47.1889,15.2425
48.573,15.2802
47.9724,15.2795
47.5046,13.7498
48.5704,14.8767
47.1726,15.572
48.7601,15.3292
48.503,13.8158
47.6061,14.8076
47.1297,13.79
47.6984,14.1373
47.3763,13.1412
48.0951,13.0632
48.102,14.2188
48.7091,15.6054
48.164,13.608
48.4136,15.5676
48.3291,13.8013
47.8118,13.6928
47.1722,13.5142
48.413,14.3556
47.2437,13.1618
48.49,13.0471
48.7549,14.4848
48.7534,15.2438
48.0365,14.2617
47.7712,14.5569
47.457,13.4514
48.3891,14.3266
47.5533,15.9996
48.4584,14.0732
47.8224,13.8857
48.1703,15.4212
48.1518,13.8118
47.2075,15.295
47.8205,13.2201
47.3804,13.3308
47.3998,13.0833
47.5899,13.5655
47.2966,14.1382
47.4733,15.5481
48.341,15.9266
48.7338,13.0751
47.8988,15.1702
47.127,13.7691
47.1087,13.6393
48.7831,14.7172
47.386,14.7753
47.3821,15.3397
48.7165,14.8952
47.0671,14.5928
47.8698,15.8461
48.2783,14.5048
47.1032,14.4823
47.3228,14.9099
47.5965,15.3174
47.6584,15.0824
48.1639,15.1415
48.5586,13.7742
47.5199,15.3139
47.8545,15.9325
47.5424,14.8183
48.4039,13.1168
48.5723,15.0198
47.6227,15.3422
48.2172,13.384
48.2346,15.7555
48.3842,15.2037
47.5438,13.1994
48.5577,15.6364
48.0146,13.3344
48.4597,14.084
47.1557,14.5737
47.1811,14.1363
48.0482,15.6405
47.2591,15.9657
48.5337,15.0786
48.3871,14.1919
48.2803,13.5404
47.2938,14.8349
47.2857,15.133
47.0016,14.0461
47.0404,14.5354
47.1876,14.8425
48.1783,14.9954
47.5062,13.0782
48.7676,14.68
47.7073,15.3622
47.6604,15.1915
48.5837,13.5759
47.5115,14.3605
47.2174,15.0554
48.4005,14.7048
47.0578,15.389
47.0482,15.1788
47.4624,15.1269
47.2044,15.0533
47.2568,15.5214
47.5032,13.9395
47.831,14.7055
47.9294,15.1224
47.8786,13.4702
47.6235,13.4833
48.1053,13.0322
47.0615,15.3745
47.2882,14.8718
47.4897,13.8664
47.7497,15.8902
48.0723,14.8076
47.424,14.7616
47.7088,14.1288
48.2431,14.4601
47.7219,14.784
47.744,14.5082
48.7806,13.6495
47.4086,13.534
47.7232,14.5982
48.0898,13.2285
47.5777,14.8345
47.5438,15.7721
48.4357,14.4083
47.3972,14.2434
48.132,14.6325
47.4062,13.4347
48.3046,14.8984
47.2327,15.8832
48.5671,15.1262
47.9583,15.775
48.0102,15.7971
47.9845,13.7
47.4699,15.1934
48.2247,15.0236
47.9464,13.1186
47.5873,14.8965
48.6419,14.986
47.666,13.6515
47.893,13.7522
47.7095,15.5298
47.2217,14.7207
48.5243,14.3415
47.3985,14.7674
47.5815,14.7984
47.2201,14.0296
48.442,15.8557
47.6404,15.5584
47.4947,15.4717
47.5595,15.8662
48.3099,13.7288
48.7789,14.6968
48.4493,14.2695
47.5581,15.711
48.5476,14.4737
48.0706,13.1165
47.4805,13.7509
47.6523,14.5764
47.0699,15.731
48.0578,15.9985
48.4413,13.0215
48.5958,14.0538
47.2436,13.5481
48.6022,14.4794
47.2717,13.3164
47.4294,15.4003
48.5883,14.7186
47.3756,13.0535
48.4326,15.2682
48.7621,15.4114
47.4255,14.8687
48.678,13.2896
47.2326,15.4194
47.3533,13.5748
48.1291,14.722
48.4967,15.2338
48.2289,13.2858
48.2408,15.7528
48.2823,15.7271
48.7737,14.6197
48.1284,14.0315
47.1027,14.3874
47.8936,14.9816
48.0987,13.7561
47.0699,15.5632
48.7965,15.9768
48.6771,14.1362
48.2919,13.715
48.2155,14.6021
47.6663,13.3164
47.6499,15.712
48.3962,13.1885
47.4303,13.0425
48.4599,13.7534
47.7511,14.015
48.4413,13.1387
47.6789,15.656
48.7461,13.4485
47.4359,15.5816
48.0001,15.1087
48.6185,13.9486
48.1748,15.3924
47.2495,13.8379
48.4007,13.8187
48.7168,14.7312
47.771,15.6731
47.0337,14.4071
48.1121,15.4154
47.2732,13.7097
47.9037,15.239
47.4708,13.2488
48.269,14.4981
48.5739,13.156
48.6211,13.155
48.5183,13.5624
47.9537,13.7914
47.4574,15.4664
47.4945,13.0976
48.5384,15.1404
47.0992,15.0863
48.0217,15.1663
48.561,15.5838
48.377,15.6028
48.3317,15.8195
47.0501,15.6716
47.8072,14.1822
47.0944,15.6981
47.7186,13.4141
47.3863,13.8623
47.4849,14.7001
47.1034,15.6035
