5
47.96050238891509,14.3701171875
47.52091047852613,13.7603759765625
46.88647742351024,14.12841796875
46.848921470800455,15.9686279296875
47.76886840424207,15.5950927734375
1000
48.3727,13.0496
47.4692,13.5931
48.6866,14.8493
48.6164,13.0326
47.9541,14.2897
48.4359,14.4917
47.6747,13.2844
48.1579,14.333
47.692,15.5053
48.5956,14.2137
47.5492,15.7583
47.2669,14.9006
47.3848,13.4859
48.4499,13.8166
47.9078,14.0682
48.2349,14.8797
48.2406,13.7426
47.8208,13.9557
47.5993,13.0772
48.529,13.4689
48.4932,14.0204
47.6578,15.4089
47.9671,14.6002
47.7853,15.1376
48.7854,13.3706
47.6434,14.0296
47.9631,14.6938
47.8328,14.0799
48.285,15.906
47.2244,14.1854
47.4215,15.3443
47.303,15.8394
47.1519,14.1087
47.3495,13.4906
48.2337,13.3005
47.2268,14.7895
48.0197,15.3122
47.0403,14.3921
47.2175,13.5485
48.4748,14.9023
47.8113,13.7298
47.3764,13.9169
47.3196,13.6725
47.544,13.9887
47.6524,15.1476
47.122,13.6392
47.6451,14.0998
48.4446,13.3454
47.9016,15.157
47.0738,14.6771
47.0535,13.9744
47.6911,13.4905
47.9607,15.5446
48.2593,14.2759
47.9141,13.1566
47.0517,14.4217
47.5849,14.2119
47.5628,15.2876
47.061,14.5935
48.3596,15.5819
48.6563,15.7467
47.4107,15.6052
48.2402,13.058
48.1405,14.464
47.8392,14.5153
47.9923,14.3597
47.9893,14.0005
48.4599,15.5401
48.7825,13.8984
48.5464,15.4389
48.1418,13.0113
48.6439,13.9471
47.3858,14.0407
48.6933,15.6369
47.7969,14.1379
47.7784,15.1142
48.4962,15.2362
48.4386,13.4918
47.2466,13.0557
48.7388,14.2639
48.6514,15.8194
47.7309,15.6216
48.202,15.8352
47.7566,13.4715
47.7356,14.1836
48.6997,15.1159
47.7084,14.8045
47.9741,13.7163
48.4656,13.2988
47.9538,13.2921
48.7928,14.7519
47.6934,13.1081
48.0721,14.8474
48.1685,15.8751
48.3339,14.4641
48.0718,13.2219
48.5937,14.8524
48.4413,13.4089
47.6963,14.3478
48.0695,15.2256
47.849,13.4162
47.1435,13.4587
47.5203,13.6297
47.1007,15.234
47.4045,15.9426
48.2485,15.9117
47.9086,15.3804
47.4953,15.0713
47.7036,15.9625
48.1641,15.4358
48.7021,13.3599
47.5223,14.378
47.7732,13.4352
47.1485,13.9049
48.5844,13.4296
48.5805,13.744
47.5754,15.1453
47.0393,14.3484
47.6089,14.0271
48.4099,14.3018
47.9193,15.567
47.8728,13.7345
47.3871,14.9502
48.4272,14.9646
48.6998,14.3168
47.4246,15.6455
47.2327,13.4461
47.9402,15.241
48.4804,13.0654
48.1488,15.6537
47.5992,13.3515
47.0447,14.3114
47.0856,13.5303
47.6457,14.9563
47.406,13.7801
48.0572,15.7991
47.9199,14.92
48.6357,13.5786
47.4922,13.6038
47.5881,15.4199
48.1793,15.9507
47.4705,13.2033
47.6897,14.7231
47.8093,15.4431
48.7715,15.3072
47.0574,15.4344
47.0578,13.873
47.5189,14.6485
47.8132,14.168
48.7288,14.0556
48.2706,15.4609
47.8588,13.2128
48.6171,13.167
48.2332,13.5903
47.7977,14.6821
48.5877,15.7077
48.7396,14.9119
47.0789,14.222
47.9704,14.9089
47.2638,13.1459
47.3011,13.9313
47.7066,14.8852
48.2751,15.1002
48.7411,15.7552
47.0495,13.67
48.2228,15.0832
47.4638,14.7268
47.8334,13.9177
47.8794,14.9059
47.4708,14.743
47.1254,15.4586
47.4497,15.4551
48.7769,13.7075
48.2686,15.1652
47.8069,14.6111
47.1549,14.1952
48.6037,14.804
47.0933,15.8774
47.2273,13.0946
47.3597,15.5026
47.3882,15.9896
47.5403,14.9509
48.7759,13.3653
48.194,14.2069
48.4405,15.9318
47.1365,15.0869
47.5342,13.6223
47.7667,13.1131
47.6562,14.5061
48.3358,14.5333
47.9162,14.2468
48.5674,15.0264
47.2263,14.5273
47.7772,13.6394
48.6654,14.231
47.0123,14.9763
48.6201,13.4988
48.3323,14.6069
48.4014,15.0911
48.1888,14.072
48.5565,13.751
47.1234,13.747
47.9579,14.511
47.5035,14.1751
47.7303,14.0903
48.5393,13.3004
47.8021,14.714
47.3863,13.32
48.3108,15.8286
47.3285,14.6305
48.2782,14.3063
48.0548,13.5692
47.2779,13.816
47.8991,15.3477
48.2656,13.0908
47.1936,14.7336
47.5129,15.8465
47.8031,15.6731
47.294,15.0952
47.8521,13.1441
47.8102,14.5583
47.0356,13.1005
47.6054,15.8125
47.3134,13.4065
47.2258,13.6998
48.0255,13.1653
47.7065,14.3978
48.5407,13.824
47.4306,13.3826
47.65,15.8791
48.2005,14.3198
48.053,13.921
47.9821,15.692
48.2481,13.1382
47.9423,15.7111
48.1348,15.2507
47.8843,13.7765
48.4647,15.1643
48.6055,15.4145
48.1338,14.4217
47.4493,15.2876
47.203,13.7875
48.4061,13.4715
47.4502,15.0262
48.5287,13.7904
47.6144,13.1282
47.5705,13.5478
48.272,13.9031
48.0305,14.5168
48.5045,15.9876
47.193,14.5441
48.3593,13.9209
47.0888,14.5814
48.7852,14.0056
48.7711,15.386
47.0329,14.2125
48.3004,15.5326
47.8496,15.3942
47.7615,13.7404
48.3692,13.5466
48.0985,14.8587
48.6014,15.8047
47.3486,13.1544
47.8576,15.2682
47.9758,13.8204
48.7155,13.6383
47.0657,14.8622
48.6221,13.9937
47.5265,13.7319
47.5597,15.8578
47.7608,13.2571
47.5624,13.9916
47.522,15.5595
48.0559,14.1092
48.2491,14.7734
47.4184,15.9344
48.4873,14.4614
47.6109,13.7122
47.2423,13.6755
48.6106,14.4547
48.694,14.6374
48.6937,15.8276
48.3973,14.9994
47.1627,13.6892
47.7375,15.6113
48.09,15.8604
48.7751,15.6433
47.4574,14.7428
47.9128,14.8162
47.1122,15.9081
47.2512,14.3531
48.6323,13.7598
47.8576,15.1043
48.0932,13.8104
48.6696,14.099
48.467,14.0311
48.577,14.5516
47.9439,13.1123
47.1808,14.0891
47.868,14.3258
47.4182,13.6795
47.2028,14.9958
48.256,13.4163
48.5028,14.3768
48.2095,15.9638
48.4565,13.9912
47.1188,13.0845
47.3886,13.2067
47.8321,13.2521
47.26,14.0258
47.385,15.9107
47.0897,15.7261
48.1395,14.4613
47.9366,13.1177
47.5539,15.5476
48.4264,15.7886
47.1913,14.6754
47.0848,13.7752
47.6394,14.6249
47.0498,14.6357
47.0191,15.5162
48.672,14.9086
47.6855,13.7535
48.4871,14.4157
47.1887,13.4057
47.2442,13.8138
48.1555,15.8901
48.3099,14.2094
47.8763,14.0933
47.6301,14.5368
48.2371,13.3073
48.7312,15.7469
47.0257,15.5686
47.7679,15.676
47.5549,15.1659
48.3827,13.7491
47.2013,13.2297
48.5354,14.4332
48.2311,15.4349
48.6787,15.5768
48.6045,15.929
48.7109,13.47
47.4864,14.6564
48.6192,15.6215
48.3697,14.2682
48.4438,14.8788
47.4226,14.8002
47.1358,15.6219
48.7058,14.2618
47.2649,13.3274
47.8775,15.2049
47.3354,14.8387
48.1001,13.2424
48.3146,13.1856
48.0945,14.3511
48.4449,14.7718
47.8512,14.6265
48.5169,14.1918
47.3974,13.9645
47.7106,14.8542
47.2466,13.9144
47.0808,15.9688
48.1122,13.6914
47.9569,15.3046
47.9516,15.043
47.5548,14.4478
48.2283,15.3473
47.1582,14.0738
47.2269,13.9644
47.1162,15.0076
47.738,14.4808
48.0264,15.5678
48.6397,13.0703
48.6219,15.8897
48.0487,14.7505
48.6703,15.5809
47.3856,13.8333
48.601,15.1964
47.7066,14.3622
47.8291,14.6235
48.5884,13.7875
48.4179,14.5305
47.1254,13.5594
48.2338,13.5769
47.7922,13.7171
48.0841,14.0862
48.4599,14.9165
47.5024,15.3592
47.3144,14.6769
47.4483,15.7494
48.0167,15.9283
47.8197,15.0366
47.5745,15.2137
47.5439,15.5148
47.843,15.1439
47.7086,15.5624
48.3662,13.91
47.1213,15.2808
48.7852,14.8388
48.0448,14.0783
48.6877,14.1226
47.8464,15.828
47.1587,15.9738
47.32,15.461
48.5984,13.535
47.8919,13.5424
48.6204,13.9348
48.4064,13.5485
48.0174,15.8963
47.3011,15.1899
48.4842,13.3009
47.3278,13.2281
48.6299,13.0673
47.5543,13.8025
48.7729,14.6357
48.7895,14.322
47.519,15.2441
48.0142,13.4831
47.7462,14.0494
47.4728,13.9515
47.5881,15.982
47.7817,14.6885
47.8969,15.0261
47.7463,15.8161
47.2916,13.3887
47.5398,13.2992
47.8569,13.7641
47.299,14.5685
48.2385,14.6094
48.2137,13.534
47.1041,13.0237
47.4489,14.2207
47.6874,14.4747
47.3287,13.5187
47.8108,15.2294
47.1303,14.2649
48.198,14.9316
48.7912,13.0666
47.6275,15.3235
48.2146,14.9417
48.7555,14.6297
48.2749,15.9809
48.2401,14.6147
48.0688,15.8398
48.7352,15.7828
48.6392,14.9352
47.395,14.6205
47.9034,15.761
47.9223,15.1776
48.6595,13.7437
47.3316,13.648
48.3169,13.5341
47.8549,15.9507
47.7976,13.5768
48.2139,14.6091
47.0883,13.2101
47.6054,13.5043
47.1925,13.433
47.8034,14.3169
47.5217,13.8248
47.3673,14.6817
47.2986,15.9239
47.4643,14.2594
48.2989,15.659
48.4637,15.0756
48.4522,15.1824
47.0414,15.5957
47.4413,15.6835
47.8435,13.0868
48.4931,13.4512
47.6041,15.872
48.4368,13.6197
47.1826,14.1079
48.2223,14.6622
47.2961,13.7019
48.0349,14.8003
48.5553,14.9509
47.1234,13.0624
48.3832,13.4092
48.6641,13.765
48.6938,13.3906
48.2265,13.6986
47.2401,13.3777
47.075,15.272
47.9005,13.4446
48.2448,14.3163
47.8681,13.6041
48.4643,15.1619
48.7309,15.7615
47.1609,13.9829
48.1849,15.7011
47.782,14.2554
47.0131,13.2374
47.0939,15.4938
47.7771,13.3462
48.1764,13.2194
47.0197,15.7337
48.5239,13.3698
47.0585,13.9223
48.3819,15.0854
48.4593,14.5141
47.0051,14.0037
47.8244,15.8458
48.301,14.8522
47.0039,13.7758
48.3441,15.2664
47.643,13.8293
48.6868,13.3584
47.3177,14.3929
48.6746,14.6289
47.9763,15.0742
48.2792,15.3577
48.4056,15.744
48.7054,13.6107
47.7718,14.1394
47.5973,14.4795
47.9453,15.2466
47.6721,14.1122
48.7154,15.9823
47.4446,13.5098
47.9218,15.9663
47.5702,14.9398
48.3881,14.4186
48.6283,15.1755
47.9287,14.4255
48.2999,14.5823
48.417,13.996
47.2477,15.3656
47.1548,13.4794
47.1997,15.048
47.5626,13.0288
47.3569,13.4725
47.72,15.8828
47.9,13.3191
47.7338,13.2892
48.4525,13.2883
47.0791,14.9177
47.8726,15.7349
47.3714,14.6013
48.4937,15.638
47.2583,14.2025
48.3088,15.3593
47.4922,13.3339
47.8063,13.6844
47.9422,13.5551
47.6008,14.1436
47.5348,15.5386
48.6758,14.5882
48.476,15.5295
48.5593,13.4417
48.1982,13.2282
47.6825,15.9558
48.3015,14.9985
48.7429,14.1876
48.3154,14.0433
47.0834,13.2602
48.3907,15.9021
48.5309,14.7922
48.453,14.3009
47.1947,13.1667
47.6961,15.0341
47.2158,13.5692
47.3771,13.1737
48.7781,13.4485
47.0818,13.4868
48.2472,14.2488
48.5795,13.4937
48.0852,15.9253
48.4534,15.1258
48.4034,15.8864
47.7032,15.4279
47.2647,13.6073
48.0523,14.2155
47.3213,14.2267
47.759,13.0214
47.4847,13.9807
48.5311,14.0663
47.6631,15.3303
48.6761,13.3541
48.3753,14.1163
48.2763,14.3252
47.2483,15.0224
48.1768,14.808
47.2453,15.0345
47.8948,13.28
48.3303,15.4719
48.2161,13.6891
48.1759,13.5129
47.6309,15.2994
48.4463,15.9588
47.2798,13.2021
48.3465,15.2667
47.7297,13.2786
47.9199,14.6397
47.8803,15.5234
48.5959,15.1881
48.0138,15.7129
48.3443,13.8691
47.8429,14.4675
47.473,14.077
48.7888,14.7692
47.4262,13.3856
47.4227,15.9945
48.6804,13.0473
48.4457,14.4779
48.6183,15.4212
47.1458,15.5531
47.4659,14.5412
47.9748,13.9142
48.62,15.5423
47.7132,15.0068
48.3645,14.6369
47.8584,14.9929
47.2748,13.7816
47.5608,15.6386
48.346,14.0817
48.4586,14.2442
47.4434,15.369
48.5173,14.4794
47.671,13.2346
47.4671,13.6945
47.0817,15.1195
48.0492,13.9586
48.6103,13.8531
48.2319,14.7224
47.8022,14.2884
47.4366,13.6203
47.6305,15.4052
48.229,13.5101
47.0476,14.4503
48.0696,13.4034
48.7007,15.3433
47.5951,14.4626
48.0563,14.7123
48.1081,13.7297
48.4238,14.521
47.8863,15.7147
48.4478,15.3191
48.5949,13.3978
48.5457,14.6883
47.6812,14.5981
47.9075,13.4581
47.9647,13.0283
47.4476,13.7472
47.4942,15.6884
47.499,13.8246
47.5402,14.5561
47.2742,14.2028
48.1137,15.8041
47.7846,14.2541
47.8558,14.0155
47.2023,15.9922
48.5349,13.0777
47.9805,14.4817
48.5013,15.6159
47.803,13.6254
48.3003,15.9717
47.0272,15.8355
48.4272,14.8524
48.7028,15.3222
48.7162,13.858
47.9041,13.4249
47.7017,13.1482
47.3956,15.5779
47.8617,15.5347
47.1659,13.1298
48.5622,13.2745
47.5116,15.3415
48.155,13.799
47.9312,13.4514
48.6518,14.5451
47.4949,13.7407
47.0956,13.9486
48.601,13.0322
48.5825,15.5298
47.6953,13.0368
47.0466,15.8324
48.2372,15.4037
47.8168,14.7849
47.7277,13.2425
48.3756,13.8216
48.7787,15.2708
48.3087,15.8454
47.8026,15.5873
48.3186,13.822
47.3246,14.3919
47.9954,13.475
48.3822,15.7639
48.5854,13.1988
48.1645,13.8617
48.0818,13.9214
48.3659,13.6383
48.1704,13.2357
47.2823,14.3571
48.1084,13.671
47.8585,15.8578
48.6882,14.4977
48.7151,14.6538
48.2444,14.9512
47.6256,14.5411
47.7974,15.2205
48.394,14.4725
48.0976,15.9743
48.5907,15.9828
47.1314,15.5967
47.5471,13.4634
47.9821,13.6706
47.9761,14.0568
47.6009,13.5795
48.3931,13.8867
48.2351,15.4064
47.1431,13.7524
48.586,14.5761
48.3039,14.2992
48.0251,14.9327
47.0353,13.0252
48.1826,15.151
47.2663,15.3048
47.3418,14.5608
47.1776,13.8989
47.5215,14.6106
47.9201,14.1764
47.3099,14.3114
48.4367,14.4986
48.2246,13.0904
47.7037,13.9108
48.0175,15.5323
47.595,15.452
48.7161,15.5151
48.2834,13.021
47.1013,15.2317
48.2438,14.8403
47.3545,13.5543
48.4977,15.1291
48.1797,13.1232
48.1481,14.6326
48.2017,14.4424
48.6943,14.1639
47.2745,15.1272
48.2875,14.2884
47.6957,15.2868
47.9887,13.726
48.6139,14.8272
48.2278,15.9606
47.5439,14.2328
47.0238,13.925
48.2571,13.1249
48.7258,15.4835
47.8025,15.6082
47.659,13.7512
48.6328,14.0911
48.7221,14.0786
48.3582,13.9172
48.668,14.7869
48.7317,13.7584
47.7263,14.4625
47.8809,14.3063
47.7739,15.8188
48.7465,14.3526
47.0469,13.7899
47.7599,15.8714
48.2008,15.6583
47.1983,13.2067
47.3717,15.616
47.3943,13.9294
48.5708,15.2287
48.6429,15.3567
47.8508,14.8111
48.2503,15.1232
47.6246,13.7281
48.2972,14.5618
48.6875,15.1115
48.5542,14.9827
47.096,15.4271
48.5774,14.2487
47.0909,13.7402
48.7372,14.3122
47.3178,13.4081
47.7913,13.6229
47.4925,14.2808
48.5964,13.5257
48.5889,13.3076
47.8737,13.9451
47.9831,15.7389
48.1916,14.801
48.3808,13.8666
47.5098,13.7182
48.172,13.4728
48.7417,14.6733
48.3138,14.8515
48.6343,13.2809
48.5234,15.4302
48.4384,15.4401
47.4792,15.651
47.1509,14.0541
47.6735,14.8706
48.343,15.4981
47.7397,13.6087
47.5611,13.4356
48.2827,14.5108
47.9832,14.4835
48.4844,14.9011
48.0453,15.0913
48.2256,14.7738
48.516,15.8359
48.3678,14.5174
47.3866,15.1352
48.3744,14.5778
47.5733,13.1582
48.6128,13.6515
48.1796,15.4489
47.4784,13.8456
48.1563,13.4929
47.5058,14.5644
47.4146,14.1325
47.294,13.671
48.5952,13.3852
48.5618,14.7244
47.3799,13.8356
48.3683,13.8243
47.6412,15.3559
47.691,13.7856
48.2717,14.4642
47.9321,14.0298
47.0058,14.1528
47.9433,14.7118
47.3555,14.5078
48.2036,14.2008
48.5161,14.904
48.2606,13.105
48.3682,15.9856
47.8593,15.5644
47.0996,14.0424
48.5162,14.5475
47.5032,13.7555
47.4739,13.3594
48.2675,15.6236
48.7692,15.5149
47.3703,13.6829
47.9844,14.5426
47.4111,15.4073
48.1145,13.1699
48.171,13.9159
48.682,15.6847
47.2793,14.825
47.1547,14.0951
48.5812,13.2619
48.085,14.9913
48.2519,13.7025
47.7753,15.7732
47.8825,15.4131
47.8982,13.1324
47.2761,15.3615
47.9512,13.3727
48.5332,13.5151
48.1106,15.3124
47.5832,15.4679
47.7625,13.1495
48.0213,15.3268
48.7374,14.7661
47.55,15.7512
47.2502,13.5206
47.0895,13.9657
47.1585,13.6136
47.7235,14.4635
47.7894,14.6204
47.8755,13.9867
47.4588,14.7574
47.0738,13.2009
47.5091,15.8971
48.3566,13.2887
48.2227,15.2551
48.5917,14.4572
48.7384,13.0584
47.1425,13.0958
47.6885,14.3525
47.9987,15.0321
47.3069,15.4246
47.9062,15.0099
48.0147,14.1093
48.1843,13.1641
47.7787,15.4982
47.7941,15.8795
48.0641,15.3021
47.0375,15.0097
48.3489,14.3082
48.6083,14.9818
48.7575,15.0372
47.5895,14.8394
47.5813,14.8379
47.2009,15.7635
48.7029,13.2576
48.0327,14.073
48.2172,13.5945
48.3729,14.1369
47.8524,15.0781
47.0345,13.0228
48.1319,15.1298
48.6181,14.0777
48.592,13.6307
48.0096,14.969
48.5707,14.0697
47.5038,13.0187
47.7177,13.8555
48.2697,13.9352
47.2412,15.9615
48.5305,14.2887
47.4014,14.4192
48.0153,13.2878
47.2914,15.9981
47.7605,13.5895
47.1012,15.6967
47.9869,15.0282
47.0533,14.4265
48.5582,15.2589
47.2196,14.4966
48.2419,13.4007
47.8792,13.2002
47.6322,14.8158
47.1639,15.9678
48.373,15.1857
47.6514,14.1843
47.8221,14.0327
47.9119,15.867
48.1356,13.8005
47.3935,15.9705
47.3203,15.5315
48.0379,15.1238
47.8993,13.0779
48.4612,13.1116
47.2699,13.6508
47.8017,15.385
48.7908,14.3442
47.0436,14.3352
48.1321,14.0774
47.5558,13.9729
47.4449,13.1676
47.552,13.0417
47.0618,13.4915
48.7737,14.4401
47.7287,13.8979
48.5259,15.1501
47.1846,15.219
48.4533,15.6559
47.4566,13.8689
48.7355,14.095
48.7167,13.6391
48.7004,15.1061
48.5621,14.8841
47.8087,13.5379
48.1177,15.8414
47.9443,14.841
47.8427,15.3579
48.5623,13.0986
48.5189,13.7802
47.2913,13.2552
48.6446,15.2315
47.0654,14.1657
47.3184,15.9212
48.3686,14.6321
47.903,15.5366
47.3156,13.5964
48.2838,14.1266
48.2639,14.1373
47.0053,13.2268
47.8546,13.8617
48.7547,14.2759
48.4126,15.6938
47.193,13.6481
47.1037,15.9483
48.3852,13.8662
47.9388,14.9238
48.2686,14.7694
48.0482,13.0727
47.1197,14.591
48.2021,15.0894
48.2243,14.0449
48.7484,13.0198
47.3414,14.6408
47.1557,15.7165
47.2589,14.5279
47.0072,15.6607
48.5861,13.224
47.5682,13.3352
47.499,13.6092
48.3728,13.9615
47.0626,15.552
47.8139,15.5208
47.3909,15.4991
47.3051,15.5397
47.2707,15.2862
47.3857,13.1683
48.1802,13.3256
47.1857,13.5777
48.458,13.193
47.5338,15.6846
47.1446,13.4694
48.4988,13.652
48.3087,14.501
47.6842,14.5309
